-0.001740172046127703 
-0.05761813402766528 
0.0395554187260341 
-0.0782780077865009 
0.010271136909642462 
-0.0027684255625987923 
-0.055382789915023996 
-0.01101173128628039 
-0.06421398387345204 
0.01796241176455484 
-0.017442949403727273 
0.08908481770418884 
0.014332589367510518 
-0.015227288982033729 
0.012143176030103325 
0.00446266009598212 
0.05875410480754818 
0.11783703237653992 
-0.019797694060999373 
-0.05089424521885639 
0.051572762294568246 
0.031132411269012464 
0.022960037582125843 
0.03944950349925022 
0.05355117874518309 
-0.05934450970077513 
0.08524920420537851 
0.06567482851832827 
4.952357855030373E-4 
-0.015811135471622287 
-0.01785405914662333 
0.024068025550434125 
